ITER= 5009
AOA= 2.76101473378603
SIDESLIP_ANGLE= 0
DCD_DCL_VALUE= 0.0217613899368524
DCMZ_DCL_VALUE= 0.0256270643235497
INITIAL_BCTHRUST= 4000
