ITER= 5002
AOA= 2.78033136976503
SIDESLIP_ANGLE= 0
DCD_DCL_VALUE= 0.0183025002302545
DCMZ_DCL_VALUE= 0.00796660288457806
INITIAL_BCTHRUST= 4000
