ITER= 5010
AOA= 2.77742595726222
SIDESLIP_ANGLE= 0
DCD_DCL_VALUE= 0.0205671690392956
DCMZ_DCL_VALUE= 0.001487475174422
INITIAL_BCTHRUST= 4000
