ITER= 4338
AOA= 2.78892465592641
SIDESLIP_ANGLE= 0
DCD_DCL_VALUE= 0.0174825665334641
DCMZ_DCL_VALUE= 0.00728463976138178
INITIAL_BCTHRUST= 4000
