ITER= 4792
AOA= 2.78080473847304
SIDESLIP_ANGLE= 0
DCD_DCL_VALUE= 0.0198430932016851
DCMZ_DCL_VALUE= 0.0164260802977716
INITIAL_BCTHRUST= 4000
