ITER= 5010
AOA= 2.77885731553717
SIDESLIP_ANGLE= 0
DCD_DCL_VALUE= 0.0187870294875789
DCMZ_DCL_VALUE= 0.00854698891174508
INITIAL_BCTHRUST= 4000
