ITER= 5004
AOA= 2.78044521759678
SIDESLIP_ANGLE= 0
DCD_DCL_VALUE= 0.0204895294760855
DCMZ_DCL_VALUE= 0.0202862906636199
INITIAL_BCTHRUST= 4000
