ITER= 5002
AOA= 2.78035416676153
SIDESLIP_ANGLE= 0
DCD_DCL_VALUE= 0.0181229113573591
DCMZ_DCL_VALUE= 0.00572032079956265
INITIAL_BCTHRUST= 4000
