ITER= 5003
AOA= 2.78080731821405
SIDESLIP_ANGLE= 0
DCD_DCL_VALUE= 0.0204482745739998
DCMZ_DCL_VALUE= 0.0150752587182622
INITIAL_BCTHRUST= 4000
