ITER= 5002
AOA= 2.78083312968077
SIDESLIP_ANGLE= 0
DCD_DCL_VALUE= 0.0184526512552639
DCMZ_DCL_VALUE= 0.0102734699030854
INITIAL_BCTHRUST= 4000
