ITER= 5004
AOA= 2.77592261871244
SIDESLIP_ANGLE= 0
DCD_DCL_VALUE= 0.018248058032231
DCMZ_DCL_VALUE= 0.00241664166845027
INITIAL_BCTHRUST= 4000
