ITER= 5003
AOA= 2.7948659909025
SIDESLIP_ANGLE= 0
DCD_DCL_VALUE= 0.0683488599433253
DCMZ_DCL_VALUE= -0.00400945450350003
INITIAL_BCTHRUST= 4000
