ITER= 5006
AOA= 2.78208693762669
SIDESLIP_ANGLE= 0
DCD_DCL_VALUE= 0.019615603424812
DCMZ_DCL_VALUE= 0.00567132961575867
INITIAL_BCTHRUST= 4000
