ITER= 5006
AOA= 2.792625004582
SIDESLIP_ANGLE= 0
DCD_DCL_VALUE= 0.0169774123743077
DCMZ_DCL_VALUE= -0.00817881573808282
INITIAL_BCTHRUST= 4000
