ITER= 5001
AOA= 2.76533993344513
SIDESLIP_ANGLE= 0
DCD_DCL_VALUE= 0.0199511141968383
DCMZ_DCL_VALUE= 0.0105444134521639
INITIAL_BCTHRUST= 4000
