ITER= 4400
AOA= 2.79032162393358
SIDESLIP_ANGLE= 0
DCD_DCL_VALUE= 0.0165982892528338
DCMZ_DCL_VALUE= 0.000238345781467866
INITIAL_BCTHRUST= 4000
