ITER= 5003
AOA= 2.7779055310515
SIDESLIP_ANGLE= 0
DCD_DCL_VALUE= 0.0183652697125125
DCMZ_DCL_VALUE= 0.00375159391232478
INITIAL_BCTHRUST= 4000
