ITER= 5008
AOA= 2.82720629879203
SIDESLIP_ANGLE= 0
DCD_DCL_VALUE= 0.0246580300548588
DCMZ_DCL_VALUE= 0.00352409448213652
INITIAL_BCTHRUST= 4000
