ITER= 5010
AOA= 2.76628020332568
SIDESLIP_ANGLE= 0
DCD_DCL_VALUE= 0.0196726924044052
DCMZ_DCL_VALUE= 0.0085668809543673
INITIAL_BCTHRUST= 4000
