ITER= 5001
AOA= 2.77838407280893
SIDESLIP_ANGLE= 0
DCD_DCL_VALUE= 0.0186988726910688
DCMZ_DCL_VALUE= 0.00297546319074324
INITIAL_BCTHRUST= 4000
