ITER= 5008
AOA= 2.78444165940234
SIDESLIP_ANGLE= 0
DCD_DCL_VALUE= 0.0185314856875119
DCMZ_DCL_VALUE= 0.0288064567807343
INITIAL_BCTHRUST= 4000
