ITER= 2727
AOA= 2.76557744782625
SIDESLIP_ANGLE= 0
DCD_DCL_VALUE= 0.0200493783663028
DCMZ_DCL_VALUE= 0.016596179293167
INITIAL_BCTHRUST= 4000
