ITER= 5009
AOA= 2.7800371205612
SIDESLIP_ANGLE= 0
DCD_DCL_VALUE= 0.0184959062860004
DCMZ_DCL_VALUE= 0.00989175576975945
INITIAL_BCTHRUST= 4000
