ITER= 5001
AOA= 2.784244249938
SIDESLIP_ANGLE= 0
DCD_DCL_VALUE= 0.0206616473915836
DCMZ_DCL_VALUE= 0.0249325088622015
INITIAL_BCTHRUST= 4000
