ITER= 5002
AOA= 2.77820805421923
SIDESLIP_ANGLE= 0
DCD_DCL_VALUE= 0.0183668311159105
DCMZ_DCL_VALUE= 0.00318432279832054
INITIAL_BCTHRUST= 4000
