ITER= 5009
AOA= 2.78558222499966
SIDESLIP_ANGLE= 0
DCD_DCL_VALUE= 0.0198939431298843
DCMZ_DCL_VALUE= 0.00758773548224332
INITIAL_BCTHRUST= 4000
