ITER= 5004
AOA= 2.77838898874192
SIDESLIP_ANGLE= 0
DCD_DCL_VALUE= 0.0201173017217408
DCMZ_DCL_VALUE= 0.0313432555986725
INITIAL_BCTHRUST= 4000
