ITER= 5007
AOA= 2.7622911364189
SIDESLIP_ANGLE= 0
DCD_DCL_VALUE= 0.0207936383208766
DCMZ_DCL_VALUE= 0.0320999876474222
INITIAL_BCTHRUST= 4000
