ITER= 5003
AOA= 2.79034889217797
SIDESLIP_ANGLE= 0
DCD_DCL_VALUE= 0.0173825986341627
DCMZ_DCL_VALUE= -0.00113634713517021
INITIAL_BCTHRUST= 4000
