ITER= 5007
AOA= 2.76496741280824
SIDESLIP_ANGLE= 0
DCD_DCL_VALUE= 0.0210778587809114
DCMZ_DCL_VALUE= 0.0196908538941841
INITIAL_BCTHRUST= 4000
