ITER= 5009
AOA= 2.79686725533999
SIDESLIP_ANGLE= 0
DCD_DCL_VALUE= 0.0286680766669951
DCMZ_DCL_VALUE= 0.0030547529516535
INITIAL_BCTHRUST= 4000
