ITER= 5002
AOA= 2.78404330796303
SIDESLIP_ANGLE= 0
DCD_DCL_VALUE= 0.0213249495979009
DCMZ_DCL_VALUE= 0.0281765789490525
INITIAL_BCTHRUST= 4000
