ITER= 5007
AOA= 2.78341523757299
SIDESLIP_ANGLE= 0
DCD_DCL_VALUE= 0.0150213324139397
DCMZ_DCL_VALUE= 0.0237706939751001
INITIAL_BCTHRUST= 4000
