ITER= 5009
AOA= 2.75902814558652
SIDESLIP_ANGLE= 0
DCD_DCL_VALUE= 0.0224212967009816
DCMZ_DCL_VALUE= 0.0311992607973667
INITIAL_BCTHRUST= 4000
