ITER= 5008
AOA= 2.79034704756706
SIDESLIP_ANGLE= 0
DCD_DCL_VALUE= 0.0172560163190741
DCMZ_DCL_VALUE= -0.00137112328238242
INITIAL_BCTHRUST= 4000
