ITER= 5010
AOA= 2.78026212708339
SIDESLIP_ANGLE= 0
DCD_DCL_VALUE= 0.018270165626614
DCMZ_DCL_VALUE= 0.00709352512659491
INITIAL_BCTHRUST= 4000
