ITER= 5010
AOA= 2.78113598752952
SIDESLIP_ANGLE= 0
DCD_DCL_VALUE= 0.0190773493252666
DCMZ_DCL_VALUE= -0.000380105555187246
INITIAL_BCTHRUST= 4000
