ITER= 5007
AOA= 2.79034825809
SIDESLIP_ANGLE= 0
DCD_DCL_VALUE= 0.0173076025742886
DCMZ_DCL_VALUE= -0.000905189402759419
INITIAL_BCTHRUST= 4000
