ITER= 5006
AOA= 2.78442733735377
SIDESLIP_ANGLE= 0
DCD_DCL_VALUE= 0.0211274651000292
DCMZ_DCL_VALUE= 0.0237733588407575
INITIAL_BCTHRUST= 4000
