ITER= 1278
AOA= 2.76557744782625
SIDESLIP_ANGLE= 0
DCD_DCL_VALUE= 0.020049552039511
DCMZ_DCL_VALUE= 0.0165962387543136
INITIAL_BCTHRUST= 4000
