ITER= 5004
AOA= 2.79028355827293
SIDESLIP_ANGLE= 0
DCD_DCL_VALUE= 0.017378310834839
DCMZ_DCL_VALUE= -0.000528740606877847
INITIAL_BCTHRUST= 4000
