ITER= 5002
AOA= 2.89169058229337
SIDESLIP_ANGLE= 0
DCD_DCL_VALUE= 0.0855511808981959
DCMZ_DCL_VALUE= -0.00525903752129733
INITIAL_BCTHRUST= 4000
