ITER= 5003
AOA= 2.78416129006693
SIDESLIP_ANGLE= 0
DCD_DCL_VALUE= 0.0209378401183778
DCMZ_DCL_VALUE= 0.0275816786723146
INITIAL_BCTHRUST= 4000
