ITER= 5003
AOA= 2.78035321013001
SIDESLIP_ANGLE= 0
DCD_DCL_VALUE= 0.0181243009639628
DCMZ_DCL_VALUE= 0.00496234498666765
INITIAL_BCTHRUST= 4000
