ITER= 5006
AOA= 2.78034362407839
SIDESLIP_ANGLE= 0
DCD_DCL_VALUE= 0.0173314657983204
DCMZ_DCL_VALUE= -0.000498245256295133
INITIAL_BCTHRUST= 4000
