ITER= 4464
AOA= 2.78080080281636
SIDESLIP_ANGLE= 0
DCD_DCL_VALUE= 0.0198446602363379
DCMZ_DCL_VALUE= 0.0164883066849732
INITIAL_BCTHRUST= 4000
