ITER= 5002
AOA= 2.76603687574838
SIDESLIP_ANGLE= 0
DCD_DCL_VALUE= 0.0198654089257281
DCMZ_DCL_VALUE= 0.010496499844302
INITIAL_BCTHRUST= 4000
