ITER= 5005
AOA= 2.76535087174477
SIDESLIP_ANGLE= 0
DCD_DCL_VALUE= 0.0207878581406791
DCMZ_DCL_VALUE= 0.0177916649912417
INITIAL_BCTHRUST= 4000
