ITER= 5007
AOA= 2.76872560292095
SIDESLIP_ANGLE= 0
DCD_DCL_VALUE= 0.0191725607350684
DCMZ_DCL_VALUE= 0.00495114383199109
INITIAL_BCTHRUST= 4000
