ITER= 5005
AOA= 2.77014986629414
SIDESLIP_ANGLE= 0
DCD_DCL_VALUE= 0.0189159074350814
DCMZ_DCL_VALUE= 0.00353694541774022
INITIAL_BCTHRUST= 4000
