ITER= 5007
AOA= 2.78622918487231
SIDESLIP_ANGLE= 0
DCD_DCL_VALUE= 0.0168134807670441
DCMZ_DCL_VALUE= 0.0254925784510504
INITIAL_BCTHRUST= 4000
