ITER= 5006
AOA= 2.76337278266377
SIDESLIP_ANGLE= 0
DCD_DCL_VALUE= 0.0209718834181623
DCMZ_DCL_VALUE= 0.0310395874572339
INITIAL_BCTHRUST= 4000
