ITER= 5006
AOA= 2.76557744782625
SIDESLIP_ANGLE= 0
DCD_DCL_VALUE= 0.0205987543142972
DCMZ_DCL_VALUE= 0.0157597715265207
INITIAL_BCTHRUST= 4000
