ITER= 5001
AOA= 2.7803671555888
SIDESLIP_ANGLE= 0
DCD_DCL_VALUE= 0.0182982946085848
DCMZ_DCL_VALUE= 0.00805806635937286
INITIAL_BCTHRUST= 4000
