ITER= 5009
AOA= 2.78891363797861
SIDESLIP_ANGLE= 0
DCD_DCL_VALUE= 0.0173864876106714
DCMZ_DCL_VALUE= 0.00157909823318458
INITIAL_BCTHRUST= 4000
