ITER= 5004
AOA= 2.78944959492461
SIDESLIP_ANGLE= 0
DCD_DCL_VALUE= 0.0176925876806963
DCMZ_DCL_VALUE= -0.00194751752040832
INITIAL_BCTHRUST= 4000
