ITER= 5008
AOA= 2.78895676463048
SIDESLIP_ANGLE= 0
DCD_DCL_VALUE= 0.0173966310019259
DCMZ_DCL_VALUE= 0.00104410696101501
INITIAL_BCTHRUST= 4000
