ITER= 5006
AOA= 2.76461821702571
SIDESLIP_ANGLE= 0
DCD_DCL_VALUE= 0.0202991640849663
DCMZ_DCL_VALUE= 0.00727905545489863
INITIAL_BCTHRUST= 4000
