ITER= 5007
AOA= 2.76377397228313
SIDESLIP_ANGLE= 0
DCD_DCL_VALUE= 0.0203230714438035
DCMZ_DCL_VALUE= 0.010133874590037
INITIAL_BCTHRUST= 4000
