ITER= 5006
AOA= 2.76523622063054
SIDESLIP_ANGLE= 0
DCD_DCL_VALUE= 0.0209083299805283
DCMZ_DCL_VALUE= 0.0185072307125423
INITIAL_BCTHRUST= 4000
