ITER= 3364
AOA= 2.78036090157756
SIDESLIP_ANGLE= 0
DCD_DCL_VALUE= 0.0176195181384953
DCMZ_DCL_VALUE= 0.00906937288772407
INITIAL_BCTHRUST= 4000
