ITER= 5004
AOA= 2.78076827101905
SIDESLIP_ANGLE= 0
DCD_DCL_VALUE= 0.0204710839798505
DCMZ_DCL_VALUE= 0.0157111427952415
INITIAL_BCTHRUST= 4000
