ITER= 5005
AOA= 2.78109522475854
SIDESLIP_ANGLE= 0
DCD_DCL_VALUE= 0.0200620638643672
DCMZ_DCL_VALUE= 0.00949768230151953
INITIAL_BCTHRUST= 4000
