ITER= 5004
AOA= 2.76822032535729
SIDESLIP_ANGLE= 0
DCD_DCL_VALUE= 0.0359962084190257
DCMZ_DCL_VALUE= 0.0158170625575166
INITIAL_BCTHRUST= 4000
