ITER= 5001
AOA= 2.79043003539731
SIDESLIP_ANGLE= 0
DCD_DCL_VALUE= 0.0175504215104202
DCMZ_DCL_VALUE= 0.00245158842059266
INITIAL_BCTHRUST= 4000
