ITER= 5009
AOA= 2.79038497842202
SIDESLIP_ANGLE= 0
DCD_DCL_VALUE= 0.017647608402231
DCMZ_DCL_VALUE= 0.0021848340603873
INITIAL_BCTHRUST= 4000
