ITER= 4359
AOA= 2.7889320800278
SIDESLIP_ANGLE= 0
DCD_DCL_VALUE= 0.0174741703337674
DCMZ_DCL_VALUE= 0.00726067275603081
INITIAL_BCTHRUST= 4000
