ITER= 5003
AOA= 2.76593718558269
SIDESLIP_ANGLE= 0
DCD_DCL_VALUE= 0.020136048082794
DCMZ_DCL_VALUE= 0.0117764338565278
INITIAL_BCTHRUST= 4000
