ITER= 5002
AOA= 2.78146430637054
SIDESLIP_ANGLE= 0
DCD_DCL_VALUE= 0.0188323415988321
DCMZ_DCL_VALUE= 0.00299175864312167
INITIAL_BCTHRUST= 4000
