ITER= 3078
AOA= 2.79034337823453
SIDESLIP_ANGLE= 0
DCD_DCL_VALUE= 0.0165876472031261
DCMZ_DCL_VALUE= 0.000153611730831371
INITIAL_BCTHRUST= 4000
