ITER= 5008
AOA= 2.76818403825404
SIDESLIP_ANGLE= 0
DCD_DCL_VALUE= 0.0193006701550487
DCMZ_DCL_VALUE= 0.00558367371933991
INITIAL_BCTHRUST= 4000
