ITER= 5010
AOA= 2.78109692007191
SIDESLIP_ANGLE= 0
DCD_DCL_VALUE= 0.0186897212546474
DCMZ_DCL_VALUE= 0.0131673560295082
INITIAL_BCTHRUST= 4000
