ITER= 5004
AOA= 2.86619355640512
SIDESLIP_ANGLE= 0
DCD_DCL_VALUE= -0.00490688310345598
DCMZ_DCL_VALUE= -0.0314130277609502
INITIAL_BCTHRUST= 4000
