ITER= 5007
AOA= 2.78883566992948
SIDESLIP_ANGLE= 0
DCD_DCL_VALUE= 0.018220026926205
DCMZ_DCL_VALUE= 0.00619129876635175
INITIAL_BCTHRUST= 4000
