ITER= 5001
AOA= 2.78341307762582
SIDESLIP_ANGLE= 0
DCD_DCL_VALUE= 0.0191734095243996
DCMZ_DCL_VALUE= -0.000959743108540374
INITIAL_BCTHRUST= 4000
