ITER= 5009
AOA= 2.76789124169428
SIDESLIP_ANGLE= 0
DCD_DCL_VALUE= 0.0193626847322207
DCMZ_DCL_VALUE= 0.00595325741004283
INITIAL_BCTHRUST= 4000
