ITER= 5005
AOA= 2.78816674020849
SIDESLIP_ANGLE= 0
DCD_DCL_VALUE= 0.0182641505348492
DCMZ_DCL_VALUE= 0.00857829221215125
INITIAL_BCTHRUST= 4000
