ITER= 2005
AOA= 2.76557744782625
SIDESLIP_ANGLE= 0
DCD_DCL_VALUE= 0.0200495202393033
DCMZ_DCL_VALUE= 0.0165962584617607
INITIAL_BCTHRUST= 4000
