ITER= 5002
AOA= 2.7815670748952
SIDESLIP_ANGLE= 0
DCD_DCL_VALUE= 0.0189419409929639
DCMZ_DCL_VALUE= -0.00218015414039094
INITIAL_BCTHRUST= 4000
