ITER= 5007
AOA= 2.78016151309904
SIDESLIP_ANGLE= 0
DCD_DCL_VALUE= 0.0175987325233517
DCMZ_DCL_VALUE= 0.0031554328561264
INITIAL_BCTHRUST= 4000
