ITER= 5008
AOA= 2.7797454655646
SIDESLIP_ANGLE= 0
DCD_DCL_VALUE= 0.0191729452369804
DCMZ_DCL_VALUE= 0.0120798381976855
INITIAL_BCTHRUST= 4000
