ITER= 5007
AOA= 2.78891806489561
SIDESLIP_ANGLE= 0
DCD_DCL_VALUE= 0.0178649922185823
DCMZ_DCL_VALUE= 0.00489246214374372
INITIAL_BCTHRUST= 4000
