ITER= 5009
AOA= 2.77948225080559
SIDESLIP_ANGLE= 0
DCD_DCL_VALUE= 0.0186838629217
DCMZ_DCL_VALUE= 0.0100423364024942
INITIAL_BCTHRUST= 4000
