ITER= 5007
AOA= 2.78805305948608
SIDESLIP_ANGLE= 0
DCD_DCL_VALUE= 0.0184688802837342
DCMZ_DCL_VALUE= 0.0133501619690031
INITIAL_BCTHRUST= 4000
