ITER= 5006
AOA= 2.78893529550142
SIDESLIP_ANGLE= 0
DCD_DCL_VALUE= 0.018124011886486
DCMZ_DCL_VALUE= 0.00584739331228761
INITIAL_BCTHRUST= 4000
