ITER= 5010
AOA= 2.78871180573455
SIDESLIP_ANGLE= 0
DCD_DCL_VALUE= 0.0175424521789821
DCMZ_DCL_VALUE= 0.00476659091952906
INITIAL_BCTHRUST= 4000
