ITER= 5004
AOA= 2.76500020432761
SIDESLIP_ANGLE= 0
DCD_DCL_VALUE= 0.0209786320689603
DCMZ_DCL_VALUE= 0.0304912694756104
INITIAL_BCTHRUST= 4000
