ITER= 5008
AOA= 2.7826495191587
SIDESLIP_ANGLE= 0
DCD_DCL_VALUE= 0.018817721987391
DCMZ_DCL_VALUE= 0.0170833442981688
INITIAL_BCTHRUST= 4000
