ITER= 5007
AOA= 2.78393962797223
SIDESLIP_ANGLE= 0
DCD_DCL_VALUE= 0.0194884578348318
DCMZ_DCL_VALUE= 0.00353834180303632
INITIAL_BCTHRUST= 4000
