ITER= 5001
AOA= 2.78854375895297
SIDESLIP_ANGLE= 0
DCD_DCL_VALUE= 0.0176758436857873
DCMZ_DCL_VALUE= 0.00694473468927129
INITIAL_BCTHRUST= 4000
