ITER= 5004
AOA= 2.7656835790859
SIDESLIP_ANGLE= 0
DCD_DCL_VALUE= 0.0205539024920043
DCMZ_DCL_VALUE= 0.0149039992006192
INITIAL_BCTHRUST= 4000
