ITER= 5007
AOA= 2.76551274387153
SIDESLIP_ANGLE= 0
DCD_DCL_VALUE= 0.0206225114355988
DCMZ_DCL_VALUE= 0.016200558042105
INITIAL_BCTHRUST= 4000
