ITER= 5003
AOA= 2.76547929703474
SIDESLIP_ANGLE= 0
DCD_DCL_VALUE= 0.0211487233755279
DCMZ_DCL_VALUE= 0.0231414739326411
INITIAL_BCTHRUST= 4000
