ITER= 5001
AOA= 2.78090367046792
SIDESLIP_ANGLE= 0
DCD_DCL_VALUE= 0.0184881407887934
DCMZ_DCL_VALUE= 0.0108144099249789
INITIAL_BCTHRUST= 4000
