ITER= 5001
AOA= 2.78129055627262
SIDESLIP_ANGLE= 0
DCD_DCL_VALUE= 0.0190546175006865
DCMZ_DCL_VALUE= -0.0012609077910356
INITIAL_BCTHRUST= 4000
