ITER= 5006
AOA= 2.76952684793082
SIDESLIP_ANGLE= 0
DCD_DCL_VALUE= 0.0190477022976551
DCMZ_DCL_VALUE= 0.00401478626953921
INITIAL_BCTHRUST= 4000
