ITER= 5008
AOA= 2.75875092244148
SIDESLIP_ANGLE= 0
DCD_DCL_VALUE= 0.0209265947792409
DCMZ_DCL_VALUE= 0.0103615580537477
INITIAL_BCTHRUST= 4000
