ITER= 5008
AOA= 2.77677062552672
SIDESLIP_ANGLE= 0
DCD_DCL_VALUE= 0.0303501268766299
DCMZ_DCL_VALUE= 0.0368646634482354
INITIAL_BCTHRUST= 4000
