ITER= 5010
AOA= 2.76699846187941
SIDESLIP_ANGLE= 0
DCD_DCL_VALUE= 0.0195235663957272
DCMZ_DCL_VALUE= 0.00713729752924697
INITIAL_BCTHRUST= 4000
