ITER= 5007
AOA= 2.76239618444694
SIDESLIP_ANGLE= 0
DCD_DCL_VALUE= 0.0203568806052742
DCMZ_DCL_VALUE= 0.0119648622501049
INITIAL_BCTHRUST= 4000
