ITER= 5001
AOA= 2.92111746447966
SIDESLIP_ANGLE= 0
DCD_DCL_VALUE= 0.089281614036974
DCMZ_DCL_VALUE= -0.00762816097870484
INITIAL_BCTHRUST= 4000
