ITER= 5008
AOA= 2.78449893746884
SIDESLIP_ANGLE= 0
DCD_DCL_VALUE= 0.0193607653258701
DCMZ_DCL_VALUE= 0.00352227124336122
INITIAL_BCTHRUST= 4000
