ITER= 5005
AOA= 2.7656280984871
SIDESLIP_ANGLE= 0
DCD_DCL_VALUE= 0.0205794464342563
DCMZ_DCL_VALUE= 0.015350260329906
INITIAL_BCTHRUST= 4000
