ITER= 5010
AOA= 2.79042595398445
SIDESLIP_ANGLE= 0
DCD_DCL_VALUE= 0.0176213915378466
DCMZ_DCL_VALUE= 0.00317374341956634
INITIAL_BCTHRUST= 4000
