ITER= 5005
AOA= 2.77205698854024
SIDESLIP_ANGLE= 0
DCD_DCL_VALUE= 0.0297799302877074
DCMZ_DCL_VALUE= -0.000795711459078371
INITIAL_BCTHRUST= 4000
