ITER= 5002
AOA= 2.78805980685091
SIDESLIP_ANGLE= 0
DCD_DCL_VALUE= 0.0179084659908373
DCMZ_DCL_VALUE= 0.00958482738597197
INITIAL_BCTHRUST= 4000
