ITER= 5005
AOA= 2.78036599525489
SIDESLIP_ANGLE= 0
DCD_DCL_VALUE= 0.0174053997596544
DCMZ_DCL_VALUE= 0.000576540760760975
INITIAL_BCTHRUST= 4000
