ITER= 5005
AOA= 2.79436976754063
SIDESLIP_ANGLE= 0
DCD_DCL_VALUE= 0.0174879083760868
DCMZ_DCL_VALUE= -0.00676623503073026
INITIAL_BCTHRUST= 4000
