ITER= 5004
AOA= 2.78036982874687
SIDESLIP_ANGLE= 0
DCD_DCL_VALUE= 0.0176998951256193
DCMZ_DCL_VALUE= 0.00255937376342434
INITIAL_BCTHRUST= 4000
