ITER= 5010
AOA= 2.77980906856861
SIDESLIP_ANGLE= 0
DCD_DCL_VALUE= 0.0181451976324821
DCMZ_DCL_VALUE= 0.0049662381745745
INITIAL_BCTHRUST= 4000
