ITER= 5008
AOA= 2.79010018465757
SIDESLIP_ANGLE= 0
DCD_DCL_VALUE= 0.0174809588654234
DCMZ_DCL_VALUE= 5.08685735381922e-05
INITIAL_BCTHRUST= 4000
