ITER= 5001
AOA= 2.78003240650729
SIDESLIP_ANGLE= 0
DCD_DCL_VALUE= 0.0182725346238836
DCMZ_DCL_VALUE= 0.00693984818020546
INITIAL_BCTHRUST= 4000
