ITER= 5001
AOA= 2.76618421959586
SIDESLIP_ANGLE= 0
DCD_DCL_VALUE= 0.0196942155259126
DCMZ_DCL_VALUE= 0.00874331666244271
INITIAL_BCTHRUST= 4000
