ITER= 5004
AOA= 2.79245244221663
SIDESLIP_ANGLE= 0
DCD_DCL_VALUE= -0.0156142664824022
DCMZ_DCL_VALUE= -0.00381930609822656
INITIAL_BCTHRUST= 4000
