ITER= 5010
AOA= 2.79132347262562
SIDESLIP_ANGLE= 0
DCD_DCL_VALUE= 0.0237042571735232
DCMZ_DCL_VALUE= -0.00162164243948526
INITIAL_BCTHRUST= 4000
