ITER= 5002
AOA= 2.79037838954186
SIDESLIP_ANGLE= 0
DCD_DCL_VALUE= 0.0174700934765817
DCMZ_DCL_VALUE= -0.000307501907024313
INITIAL_BCTHRUST= 4000
