ITER= 4367
AOA= 2.76557120802128
SIDESLIP_ANGLE= 0
DCD_DCL_VALUE= 0.0200513630536653
DCMZ_DCL_VALUE= 0.0166402940768898
INITIAL_BCTHRUST= 4000
