ITER= 5009
AOA= 2.76695594993983
SIDESLIP_ANGLE= 0
DCD_DCL_VALUE= 0.0195509755024561
DCMZ_DCL_VALUE= 0.00702708844274528
INITIAL_BCTHRUST= 4000
