ITER= 5008
AOA= 2.76039985993061
SIDESLIP_ANGLE= 0
DCD_DCL_VALUE= 0.0212581139201079
DCMZ_DCL_VALUE= 0.0174053609480073
INITIAL_BCTHRUST= 4000
