ITER= 1438
AOA= 2.76557744782625
SIDESLIP_ANGLE= 0
DCD_DCL_VALUE= 0.0200495362880135
DCMZ_DCL_VALUE= 0.0165962592119569
INITIAL_BCTHRUST= 4000
