ITER= 5009
AOA= 2.78235822949052
SIDESLIP_ANGLE= 0
DCD_DCL_VALUE= 0.0187924878567847
DCMZ_DCL_VALUE= 0.0172567759518458
INITIAL_BCTHRUST= 4000
