ITER= 5005
AOA= 2.76392078918665
SIDESLIP_ANGLE= 0
DCD_DCL_VALUE= 0.0212029162016291
DCMZ_DCL_VALUE= 0.0314189152002595
INITIAL_BCTHRUST= 4000
