ITER= 4780
AOA= 2.76625443446214
SIDESLIP_ANGLE= 0
DCD_DCL_VALUE= 0.0191249659545211
DCMZ_DCL_VALUE= 0.00941825603417326
INITIAL_BCTHRUST= 4000
