ITER= 5009
AOA= 2.78254454994589
SIDESLIP_ANGLE= 0
DCD_DCL_VALUE= 0.0204452462387585
DCMZ_DCL_VALUE= 0.0314114370797879
INITIAL_BCTHRUST= 4000
