ITER= 5008
AOA= 2.78566337739674
SIDESLIP_ANGLE= 0
DCD_DCL_VALUE= 0.0185448042166182
DCMZ_DCL_VALUE= 0.0140803689389077
INITIAL_BCTHRUST= 4000
