ITER= 5010
AOA= 2.78480011953338
SIDESLIP_ANGLE= 0
DCD_DCL_VALUE= 0.0197766561349082
DCMZ_DCL_VALUE= 0.0109874181479373
INITIAL_BCTHRUST= 4000
