ITER= 5005
AOA= 2.7900185636063
SIDESLIP_ANGLE= 0
DCD_DCL_VALUE= 0.0174593326232415
DCMZ_DCL_VALUE= 0.00149823531224217
INITIAL_BCTHRUST= 4000
